11100010100011110000000000000000 
11100000010000000001000000000000 
11100010100000010010000000001010 
11100000100000000011000000000010 
11100010010000100100000000000011 
11100000010000110101000000000100 
11100001100001000110000000000101 
11100000000001100111000000000101 
11100101100000010111000000000000 
11101010000000000000000000000001  
11100101100000010001000000000000 
11101010000000000000000000000000   
11100101100100011000000000000000 
11100010010101101001000000001111  
00011010111111111111111111111101    
11100000010101011001000000000100 
00011010000000000000000000000000    
11101010111111111111111111111010    
11100000010100101001000000000011 
10101010111111111111111111111000    
11100000010100111001000000000010 
10101010000000000000000000000000    
11101010111111111111111111110101    
11100000010100111001000000000010  
11011010111111111111111111110011    
11100000010100101001000000000011 
11011010000000000000000000000000   
11101010111111111111111111110000   
11100010100000011000000000000001 
11101010111111111111111111111110  